{
  "advancedEditorSelectedIdentifier" : "ProjectBrowser",
  "openSceneRelativePaths" : [
    "Scene.usda"
  ],
  "recentIdentifiers" : {
    "263CBF71-71B7-408D-B14B-7C406574C690" : [

    ]
  },
  "sceneCameraHistory" : {
    "263CBF71-71B7-408D-B14B-7C406574C690" : [
      {
        "date" : 751465566.381127,
        "title" : "Untitled",
        "transform" : [
          0.9997529,
          -3.430073e-10,
          -0.02223102,
          0,
          -0.0093331225,
          0.90760535,
          -0.4197206,
          0,
          0.020176997,
          0.41982433,
          0.9073811,
          0,
          35.646732,
          440.63724,
          1028.9451,
          1
        ]
      },
      {
        "date" : 751463643.777705,
        "title" : "Untitled",
        "transform" : [
          0.9997529,
          -3.430073e-10,
          -0.02223102,
          0,
          -0.0093331225,
          0.90760535,
          -0.4197206,
          0,
          0.020176997,
          0.41982433,
          0.9073811,
          0,
          19.621973,
          107.27088,
          308.19006,
          1
        ]
      },
      {
        "date" : 751463553.418433,
        "title" : "Untitled",
        "transform" : [
          0.9997529,
          -3.430073e-10,
          -0.02223102,
          0,
          -0.0093331225,
          0.90760535,
          -0.4197206,
          0,
          0.020176997,
          0.41982433,
          0.9073811,
          0,
          17.893337,
          71.30177,
          230.45906,
          1
        ]
      },
      {
        "date" : 751463546.010268,
        "title" : "Untitled",
        "transform" : [
          0.9997529,
          -3.430073e-10,
          -0.02223102,
          0,
          -0.0093331225,
          0.90760535,
          -0.4197206,
          0,
          0.020176997,
          0.41982433,
          0.9073811,
          0,
          28.747494,
          150.46375,
          369.19196,
          1
        ]
      },
      {
        "date" : 751463527.574213,
        "title" : "Untitled",
        "transform" : [
          0.9997529,
          -3.430073e-10,
          -0.02223102,
          0,
          -0.0093331225,
          0.90760535,
          -0.4197206,
          0,
          0.020176997,
          0.41982433,
          0.9073811,
          0,
          0.24265432,
          2.5386665,
          4.856041,
          1
        ]
      },
      {
        "date" : 751463525.874571,
        "title" : "Untitled",
        "transform" : [
          0.99983275,
          -3.3121633e-10,
          -0.01829015,
          0,
          -0.009652775,
          0.8493948,
          -0.52766985,
          0,
          0.0155355595,
          0.52775806,
          0.8492527,
          0,
          0.21811572,
          3.0860767,
          4.511956,
          1
        ]
      },
      {
        "date" : 751463523.905286,
        "title" : "Untitled",
        "transform" : [
          1,
          0,
          0,
          0,
          0,
          0.7071069,
          -0.70710677,
          0,
          0,
          0.70710677,
          0.7071069,
          0,
          0.13982695,
          3.979234,
          3.7033012,
          1
        ]
      }
    ]
  },
  "sceneViewportBackgroundColors" : {

  }
}