{
  "advancedEditorSelectedIdentifier" : "ProjectBrowser",
  "openSceneRelativePaths" : [
    "pl.usdc"
  ],
  "recentIdentifiers" : {
    "097B1188-6B32-4F24-A440-6E105736C436" : [

    ],
    "C65BCD38-8CD3-498B-B260-EFDECB1BE06B" : [

    ]
  },
  "sceneCameraHistory" : {
    "097B1188-6B32-4F24-A440-6E105736C436" : [
      {
        "date" : 751461437.140673,
        "title" : "Untitled",
        "transform" : [
          0.9999398,
          -6.94064e-07,
          -0.010973523,
          0,
          -0.0020342835,
          0.98265547,
          -0.18542978,
          0,
          0.010783287,
          0.18544088,
          0.9825962,
          0,
          0.5486058,
          0.91183573,
          3.6802669,
          1
        ]
      },
      {
        "date" : 751461434.775488,
        "title" : "Untitled",
        "transform" : [
          0.9999398,
          -6.94064e-07,
          -0.010973523,
          0,
          -0.0020342835,
          0.98265547,
          -0.18542978,
          0,
          0.010783288,
          0.1854409,
          0.98259634,
          0,
          0.53855497,
          0.73898363,
          2.764374,
          1
        ]
      },
      {
        "date" : 751460798.868096,
        "title" : "Untitled",
        "transform" : [
          0.99090415,
          -6.8828575e-07,
          0.13456973,
          0,
          0.10209752,
          0.65144867,
          -0.7517917,
          0,
          -0.08766475,
          0.75869274,
          0.64552325,
          0,
          0.36380914,
          1.8287902,
          1.9236181,
          1
        ]
      },
      {
        "date" : 751460796.393641,
        "title" : "Untitled",
        "transform" : [
          0.9293425,
          -0.002731059,
          0.3692088,
          0,
          0.28177154,
          0.651443,
          -0.7044337,
          0,
          -0.23859464,
          0.7586926,
          0.6061831,
          0,
          0,
          1.8287902,
          1.8287904,
          1
        ]
      },
      {
        "date" : 751460793.099845,
        "title" : "Untitled",
        "transform" : [
          1,
          -0,
          0,
          0,
          0,
          0.7071069,
          -0.70710677,
          0,
          0,
          0.70710677,
          0.7071069,
          0,
          0,
          1.8287902,
          1.8287904,
          1
        ]
      }
    ],
    "C65BCD38-8CD3-498B-B260-EFDECB1BE06B" : [
      {
        "date" : 751463483.008634,
        "title" : "Untitled",
        "transform" : [
          0.9838005,
          -2.9163369e-08,
          -0.17926745,
          0,
          -0.1250099,
          0.71674263,
          -0.6860413,
          0,
          0.12848859,
          0.69733787,
          0.7051316,
          0,
          1.6388525,
          4.688769,
          3.3635135,
          1
        ]
      },
      {
        "date" : 751463445.140641,
        "title" : "Untitled",
        "transform" : [
          0.9094318,
          -3.2422832e-08,
          0.41585326,
          0,
          0.41559997,
          0.03489952,
          -0.9088778,
          0,
          -0.014513074,
          0.9993908,
          0.03173873,
          0,
          1.2192745,
          5.700161,
          0.6346075,
          1
        ]
      },
      {
        "date" : 751463207.023832,
        "title" : "Untitled",
        "transform" : [
          0.9838752,
          5.757891e-09,
          0.1788566,
          0,
          0.08403458,
          0.88274986,
          -0.46226722,
          0,
          -0.15788563,
          0.46984333,
          0.8685156,
          0,
          -0.08496226,
          3.9321008,
          6.0566306,
          1
        ]
      },
      {
        "date" : 751463202.399594,
        "title" : "Untitled",
        "transform" : [
          0.9888113,
          0.00010212061,
          0.1491721,
          0,
          0.059247468,
          0.91747373,
          -0.39335945,
          0,
          -0.13690166,
          0.39779636,
          0.90720236,
          0,
          -1.094899,
          3.3590384,
          6.1483965,
          1
        ]
      },
      {
        "date" : 751463199.485368,
        "title" : "Untitled",
        "transform" : [
          0.97204006,
          4.150854e-09,
          0.23481493,
          0,
          0.09563399,
          0.91330606,
          -0.39588654,
          0,
          -0.21445791,
          0.4072739,
          0.8877701,
          0,
          -1.094899,
          3.3590384,
          6.1483965,
          1
        ]
      },
      {
        "date" : 751463190.587298,
        "title" : "Untitled",
        "transform" : [
          0.97204006,
          4.150854e-09,
          0.23481493,
          0,
          0.09563399,
          0.91330606,
          -0.39588654,
          0,
          -0.21445791,
          0.4072739,
          0.8877701,
          0,
          -1.094899,
          3.3590384,
          6.1483965,
          1
        ]
      },
      {
        "date" : 751463160.483819,
        "title" : "Untitled",
        "transform" : [
          0.9923285,
          2.689499e-09,
          -0.12362874,
          0,
          -0.055934884,
          0.8917936,
          -0.44897148,
          0,
          0.11025133,
          0.4524424,
          0.8849523,
          0,
          0.19140173,
          4.014471,
          6.105289,
          1
        ]
      },
      {
        "date" : 751463075.822012,
        "title" : "Untitled",
        "transform" : [
          0.9631473,
          -8.780356e-05,
          -0.26897442,
          0,
          -0.20544285,
          0.64521205,
          -0.73586315,
          0,
          0.17361017,
          0.7640035,
          0.6214162,
          0,
          0.53461397,
          6.0616465,
          4.049419,
          1
        ]
      },
      {
        "date" : 751463072.292087,
        "title" : "Untitled",
        "transform" : [
          0.996395,
          9.531937e-06,
          -0.08483566,
          0,
          -0.052536335,
          0.7852461,
          -0.6169511,
          0,
          0.06661098,
          0.6191839,
          0.7824156,
          0,
          0.53461397,
          6.0616465,
          4.049419,
          1
        ]
      },
      {
        "date" : 751463070.253965,
        "title" : "Untitled",
        "transform" : [
          0.996395,
          9.531937e-06,
          -0.08483566,
          0,
          -0.052536335,
          0.7852461,
          -0.6169511,
          0,
          0.06661098,
          0.6191839,
          0.7824156,
          0,
          1.4501015,
          10.750118,
          6.421163,
          1
        ]
      }
    ]
  },
  "sceneViewportBackgroundColors" : {

  },
  "selectedSceneRelativePath" : "pl.usdc"
}