{
  "advancedEditorSelectedIdentifier" : "ProjectBrowser",
  "openSceneRelativePaths" : [
    "Scene.usda"
  ],
  "recentIdentifiers" : {
    "07B788AE-1115-4586-B2E1-A29507623CC7" : [

    ]
  },
  "sceneCameraHistory" : {
    "07B788AE-1115-4586-B2E1-A29507623CC7" : [
      {
        "date" : 751479749.321342,
        "title" : "Untitled",
        "transform" : [
          0.9996604,
          -0.009441078,
          -0.024291651,
          0,
          -0.012611937,
          0.64042574,
          -0.76791644,
          0,
          0.022806961,
          0.767962,
          0.64008915,
          0,
          -48.986145,
          285.28696,
          276.22162,
          1
        ]
      },
      {
        "date" : 751479739.392425,
        "title" : "Untitled",
        "transform" : [
          0.99905354,
          -0.009441078,
          -0.04246091,
          0,
          -0.030417891,
          0.54615444,
          -0.837132,
          0,
          0.031093646,
          0.8376312,
          0.5453504,
          0,
          -46.30551,
          313.61707,
          217.06563,
          1
        ]
      },
      {
        "date" : 751479728.320973,
        "title" : "Untitled",
        "transform" : [
          0.99791133,
          0.0006001672,
          0.06459596,
          0,
          0.048213735,
          0.6585972,
          -0.7509495,
          0,
          -0.04299341,
          0.75249547,
          0.65719265,
          0,
          -36.659267,
          151.37332,
          119.71152,
          1
        ]
      },
      {
        "date" : 751479699.144087,
        "title" : "Untitled",
        "transform" : [
          0.9376452,
          -0.0027134193,
          0.34758303,
          0,
          0.3394165,
          0.22277118,
          -0.913876,
          0,
          -0.07495176,
          0.974867,
          0.20980133,
          0,
          -36.659267,
          151.37332,
          119.71152,
          1
        ]
      },
      {
        "date" : 751479697.195056,
        "title" : "Untitled",
        "transform" : [
          0.9567644,
          -0.0064330203,
          0.2907928,
          0,
          0.22119717,
          0.66529095,
          -0.7130636,
          0,
          -0.1888747,
          0.7465564,
          0.63794976,
          0,
          -28.402447,
          44.003666,
          96.599525,
          1
        ]
      },
      {
        "date" : 751479687.303584,
        "title" : "Untitled",
        "transform" : [
          0.94562566,
          -0.006433023,
          0.3251933,
          0,
          0.30145538,
          0.39276084,
          -0.86882883,
          0,
          -0.122134015,
          0.9196181,
          0.37334406,
          0,
          -25.363422,
          72.67195,
          77.52548,
          1
        ]
      },
      {
        "date" : 751479685.206111,
        "title" : "Untitled",
        "transform" : [
          0.94537336,
          -0.0064330073,
          0.3259261,
          0,
          0.21481963,
          0.76431036,
          -0.60801494,
          0,
          -0.24519734,
          0.64481646,
          0.7239406,
          0,
          -66.42607,
          6.778118,
          195.14842,
          1
        ]
      },
      {
        "date" : 751479676.940998,
        "title" : "Untitled",
        "transform" : [
          0.95125806,
          4.669654e-05,
          0.308396,
          0,
          0.06517861,
          0.97738063,
          -0.20119363,
          0,
          -0.30142966,
          0.21148789,
          0.9297381,
          0,
          -124.661026,
          220.45117,
          376.91653,
          1
        ]
      },
      {
        "date" : 751479673.734871,
        "title" : "Untitled",
        "transform" : [
          0.95125806,
          4.669654e-05,
          0.308396,
          0,
          0.06517861,
          0.97738063,
          -0.20119363,
          0,
          -0.30142966,
          0.21148789,
          0.9297381,
          0,
          -23.036144,
          26.26891,
          60.829494,
          1
        ]
      },
      {
        "date" : 751479668.711654,
        "title" : "Untitled",
        "transform" : [
          0.8824192,
          8.5933e-09,
          0.47046357,
          0,
          0.36765772,
          0.62393075,
          -0.6895927,
          0,
          -0.2935367,
          0.78147954,
          0.55056864,
          0,
          -5.8072343,
          7.2034173,
          7.036043,
          1
        ]
      }
    ]
  },
  "sceneViewportBackgroundColors" : {

  }
}