{
  "advancedEditorSelectedIdentifier" : "ProjectBrowser",
  "openSceneRelativePaths" : [
    "Scene.usda"
  ],
  "recentIdentifiers" : {

  },
  "sceneCameraHistory" : {
    "4EA629F9-F004-4506-92FE-ED233F0A926C" : [
      {
        "date" : 751479096.032286,
        "title" : "Untitled",
        "transform" : [
          0.9935577,
          0.000650129,
          0.11332596,
          0,
          0.09914878,
          0.4793366,
          -0.87201256,
          0,
          -0.054888204,
          0.87763095,
          0.4761841,
          0,
          1.3767207,
          36.024155,
          49.850357,
          1
        ]
      },
      {
        "date" : 751479009.387314,
        "title" : "Untitled",
        "transform" : [
          0.9935577,
          0.000650129,
          0.11332596,
          0,
          0.09914878,
          0.4793366,
          -0.87201256,
          0,
          -0.054888204,
          0.87763095,
          0.4761841,
          0,
          1.382597,
          36.809444,
          50.27913,
          1
        ]
      },
      {
        "date" : 751478994.009052,
        "title" : "Untitled",
        "transform" : [
          0.999874,
          -0.015860882,
          -0.0006989479,
          0,
          0.00849558,
          0.5717167,
          -0.8204071,
          0,
          0.01341198,
          0.8202978,
          0.57177943,
          0,
          1.382597,
          36.809444,
          50.27913,
          1
        ]
      },
      {
        "date" : 751478992.507706,
        "title" : "Untitled",
        "transform" : [
          0.99987394,
          -0.015860882,
          -0.00069894874,
          0,
          0.00849558,
          0.5717168,
          -0.8204071,
          0,
          0.01341198,
          0.8202977,
          0.57177943,
          0,
          -8.446848,
          -52.75166,
          57.12611,
          1
        ]
      },
      {
        "date" : 751478980.126605,
        "title" : "Untitled",
        "transform" : [
          0.9996688,
          -0.023560394,
          0.010351893,
          0,
          0.021962984,
          0.57145125,
          -0.82034206,
          0,
          0.01341198,
          0.8202977,
          0.57177943,
          0,
          -8.446848,
          -52.75166,
          57.12611,
          1
        ]
      },
      {
        "date" : 751478934.516692,
        "title" : "Untitled",
        "transform" : [
          0.9992287,
          -1.398346e-08,
          0.03926773,
          0,
          0.021489916,
          0.8369585,
          -0.5468442,
          0,
          -0.032865454,
          0.5472663,
          0.836313,
          0,
          -8.433823,
          -52.33805,
          57.34628,
          1
        ]
      },
      {
        "date" : 751478897.037072,
        "title" : "Untitled",
        "transform" : [
          0.9992287,
          -1.398346e-08,
          0.03926773,
          0,
          0.021489916,
          0.8369585,
          -0.5468442,
          0,
          -0.032865454,
          0.5472663,
          0.836313,
          0,
          -8.427699,
          -52.440018,
          57.190464,
          1
        ]
      },
      {
        "date" : 751478893.699211,
        "title" : "Untitled",
        "transform" : [
          0.9992287,
          -1.398346e-08,
          0.03926773,
          0,
          0.021489916,
          0.8369585,
          -0.5468442,
          0,
          -0.032865454,
          0.5472663,
          0.836313,
          0,
          -8.451539,
          -52.043064,
          57.797028,
          1
        ]
      },
      {
        "date" : 751478877.865115,
        "title" : "Untitled",
        "transform" : [
          0.99883825,
          -1.3017424e-09,
          -0.04818888,
          0,
          -0.03443461,
          0.69955784,
          -0.7137457,
          0,
          0.03371091,
          0.7145759,
          0.69874513,
          0,
          -15.402815,
          13.791634,
          78.624596,
          1
        ]
      },
      {
        "date" : 751478854.317687,
        "title" : "Untitled",
        "transform" : [
          0.9942113,
          -4.1339422e-07,
          0.10744266,
          0,
          0.06858593,
          0.7697493,
          -0.634651,
          0,
          -0.08270365,
          0.63834625,
          0.7652935,
          0,
          -35.43487,
          201.69379,
          180.87944,
          1
        ]
      }
    ]
  },
  "sceneViewportBackgroundColors" : {

  }
}