{
  "advancedEditorSelectedIdentifier" : "ProjectBrowser",
  "openSceneRelativePaths" : [
    "Ground.usda",
    "Scene.usda"
  ],
  "recentIdentifiers" : {
    "54387720-C165-4290-9573-F8D2A010AA05" : [

    ]
  },
  "sceneCameraHistory" : {
    "54387720-C165-4290-9573-F8D2A010AA05" : [
      {
        "date" : 751391496.211951,
        "title" : "Untitled",
        "transform" : [
          -0.9700516,
          -3.5303955e-09,
          -0.24289922,
          0,
          -0.064189784,
          0.9644501,
          0.25635076,
          0,
          0.23426417,
          0.2642651,
          -0.9355663,
          0,
          1.9732602,
          40.06841,
          -100.175186,
          1
        ]
      },
      {
        "date" : 751391487.711747,
        "title" : "Untitled",
        "transform" : [
          -0.9538687,
          6.663543e-06,
          -0.30022424,
          0,
          0.04300424,
          0.989691,
          -0.13661057,
          0,
          0.29712832,
          -0.14321946,
          -0.94403553,
          0,
          11.886913,
          51.27362,
          -139.77834,
          1
        ]
      },
      {
        "date" : 751378164.407358,
        "title" : "Untitled",
        "transform" : [
          -0.9919889,
          9.0281116e-10,
          -0.12632476,
          0,
          -0.024084978,
          0.9816563,
          0.18913183,
          0,
          0.12400749,
          0.19065918,
          -0.97379214,
          0,
          11.937651,
          51.237072,
          -140.37495,
          1
        ]
      },
      {
        "date" : 751378160.390092,
        "title" : "Untitled",
        "transform" : [
          -0.9925707,
          7.169136e-07,
          -0.12166935,
          0,
          -0.060893323,
          0.86574394,
          0.4967689,
          0,
          0.105334856,
          0.5004871,
          -0.859312,
          0,
          7.9886403,
          47.056114,
          -95.3428,
          1
        ]
      },
      {
        "date" : 751378154.298825,
        "title" : "Untitled",
        "transform" : [
          -0.99946594,
          -0.032300323,
          -0.004935983,
          0,
          -0.03238363,
          0.9590408,
          0.28141052,
          0,
          -0.0043558027,
          0.28142014,
          -0.9595748,
          0,
          6.0250797,
          37.726086,
          -79.32365,
          1
        ]
      },
      {
        "date" : 751378142.222516,
        "title" : "Untitled",
        "transform" : [
          -0.999472,
          -0.032300323,
          0.0035186887,
          0,
          -0.031957462,
          0.9968183,
          0.07301962,
          0,
          -0.0058660125,
          0.072868645,
          -0.99732435,
          0,
          5.8998427,
          20.172777,
          -85.14427,
          1
        ]
      },
      {
        "date" : 751378130.428903,
        "title" : "Untitled",
        "transform" : [
          -0.58811635,
          -0.032300323,
          0.8081311,
          0,
          0.11177597,
          0.9863675,
          0.120769076,
          0,
          -0.80101514,
          0.16135593,
          -0.5764885,
          0,
          -53.35785,
          25.593073,
          -46.282246,
          1
        ]
      },
      {
        "date" : 751378128.548817,
        "title" : "Untitled",
        "transform" : [
          -0.5994923,
          -0.032300323,
          0.7997285,
          0,
          0.38960832,
          0.8610369,
          0.3268346,
          0,
          -0.6991526,
          0.5075157,
          -0.5036005,
          0,
          -42.321846,
          49.41638,
          -38.29252,
          1
        ]
      },
      {
        "date" : 751376903.693516,
        "title" : "Untitled",
        "transform" : [
          -0.5994923,
          -0.032300323,
          0.7997285,
          0,
          0.38960832,
          0.8610369,
          0.3268346,
          0,
          -0.6991526,
          0.5075157,
          -0.5036005,
          0,
          -15.4967785,
          18.8305,
          -14.021378,
          1
        ]
      },
      {
        "date" : 751375894.529721,
        "title" : "Untitled",
        "transform" : [
          -0.62785125,
          1.3213253e-08,
          0.77833337,
          0,
          0.7748032,
          0.09513347,
          0.62500364,
          0,
          -0.074045554,
          0.9954645,
          -0.059729688,
          0,
          2.477006,
          29.303581,
          -0.11197236,
          1
        ]
      }
    ],
    "E427B119-722A-4B60-8F13-6BE88C45C0D0" : [
      {
        "date" : 751274284.937809,
        "title" : "Untitled",
        "transform" : [
          1,
          0,
          0,
          0,
          0,
          0.7071069,
          -0.70710677,
          0,
          0,
          0.70710677,
          0.7071069,
          0,
          0,
          1.7128993,
          1.7128994,
          1
        ]
      }
    ]
  },
  "sceneViewportBackgroundColors" : {

  },
  "selectedSceneRelativePath" : "Scene.usda"
}