{
  "advancedEditorSelectedIdentifier" : "ProjectBrowser",
  "openSceneRelativePaths" : [
    "Scene.usda"
  ],
  "recentIdentifiers" : {
    "54387720-C165-4290-9573-F8D2A010AA05" : [

    ]
  },
  "sceneCameraHistory" : {
    "54387720-C165-4290-9573-F8D2A010AA05" : [
      {
        "date" : 749990516.273969,
        "title" : "Untitled",
        "transform" : [
          0.7209884,
          2.1674052e-05,
          0.69294715,
          0,
          0.35136685,
          0.8618984,
          -0.36561245,
          0,
          -0.597258,
          0.507081,
          0.62141114,
          0,
          -0.29137844,
          0.3252701,
          0.21069351,
          1
        ]
      },
      {
        "date" : 749990058.00957,
        "title" : "Untitled",
        "transform" : [
          0.7209884,
          2.1674052e-05,
          0.69294715,
          0,
          0.35136685,
          0.8618984,
          -0.36561245,
          0,
          -0.597258,
          0.507081,
          0.62141114,
          0,
          -0.2120602,
          0.26130232,
          0.15292247,
          1
        ]
      },
      {
        "date" : 749990055.98989,
        "title" : "Untitled",
        "transform" : [
          0.7209884,
          2.166331e-05,
          0.69294715,
          0,
          0.35136685,
          0.8618984,
          -0.36561242,
          0,
          -0.597258,
          0.507081,
          0.62141114,
          0,
          -1.0235581,
          0.7992156,
          1.1260395,
          1
        ]
      },
      {
        "date" : 749989675.467991,
        "title" : "Untitled",
        "transform" : [
          0.7209882,
          2.1636255e-05,
          0.6929472,
          0,
          0.14671549,
          0.9773241,
          -0.15268323,
          0,
          -0.6772373,
          0.21174891,
          0.7046361,
          0,
          -0.22960149,
          0.22993681,
          0.37995657,
          1
        ]
      },
      {
        "date" : 749989510.970984,
        "title" : "Untitled",
        "transform" : [
          0.9841393,
          2.1612614e-05,
          -0.17739695,
          0,
          -0.013850974,
          0.99695665,
          -0.076718524,
          0,
          0.1768554,
          0.07795886,
          0.9811445,
          0,
          0.31338668,
          0.2639978,
          0.97669554,
          1
        ]
      },
      {
        "date" : 749989492.263416,
        "title" : "Untitled",
        "transform" : [
          0.9841393,
          2.1612614e-05,
          -0.17739695,
          0,
          -0.013850974,
          0.99695665,
          -0.076718524,
          0,
          0.1768554,
          0.07795886,
          0.9811445,
          0,
          0.19749275,
          0.2129111,
          0.33374774,
          1
        ]
      },
      {
        "date" : 749989474.94837,
        "title" : "Untitled",
        "transform" : [
          0.9841393,
          2.1612614e-05,
          -0.17739695,
          0,
          -0.013850974,
          0.99695665,
          -0.076718524,
          0,
          0.1768554,
          0.07795886,
          0.9811445,
          0,
          0.29115492,
          0.254198,
          0.8533592,
          1
        ]
      },
      {
        "date" : 749989333.019642,
        "title" : "Untitled",
        "transform" : [
          0.9841393,
          2.1612614e-05,
          -0.17739695,
          0,
          -0.013850974,
          0.99695665,
          -0.076718524,
          0,
          0.1768554,
          0.07795886,
          0.9811445,
          0,
          0.7292851,
          0.6363357,
          2.0990524,
          1
        ]
      },
      {
        "date" : 749988904.40182,
        "title" : "Untitled",
        "transform" : [
          0.9841393,
          2.1612614e-05,
          -0.17739695,
          0,
          -0.013850974,
          0.99695665,
          -0.076718524,
          0,
          0.1768554,
          0.07795886,
          0.9811445,
          0,
          0.9081131,
          0.71516263,
          3.0911493,
          1
        ]
      },
      {
        "date" : 749988900.250805,
        "title" : "Untitled",
        "transform" : [
          0.941692,
          2.1605734e-05,
          0.336476,
          0,
          0.056034416,
          0.9860258,
          -0.15688662,
          0,
          -0.33177733,
          0.16659312,
          0.92853135,
          0,
          -0.7268326,
          0.99809134,
          3.0605326,
          1
        ]
      }
    ]
  },
  "sceneViewportBackgroundColors" : {

  }
}